 -0.205065958347005     
 -0.139557499115615     
  0.863098279040722     
 -0.172610561420743     
 -0.117237210590299     
  7.735954180434525E-002
 -0.256156902564269     
 -0.204573786579182     
   1.99286971481435     
  0.264517813894953     
  0.210185621652762     
  -1.95418977081762     
 -0.407222287348675     
  0.720816642909377     
 -0.468867030297663     
  0.144308351731315     
 -0.281903814058386     
  0.511213100716467     
  0.124554942018778     
  7.661288797846022E-002
  0.743718385619551     
  0.159482505515835     
  0.138026328078703     
   1.90093392225525     
 -0.323388815989804     
 -0.231167740641058     
 -0.194419952359326     
  0.792509598899266     
  0.623488236778168     
 -6.876285208228983E-002
   1.09043931781979     
  0.439040501324908     
   1.23218066173662     
  -1.25670155623426     
 -0.431173814167323     
   1.26215701549317     
  0.255759332127249     
  9.433221049080050E-002
  -1.58445480271509     
 -0.360699876613409     
 -0.225911828930664     
  0.210004409178577     
 -0.601375384404601     
  0.134766009779531     
  -1.56750796990090     
  0.630209585751567     
 -0.141028092824016     
   1.53460304857287     
  0.575820855795625     
 -0.326101855665808     
   1.17217007217491     
 -0.238031694290745     
  0.121364112791026     
 -0.368060394540888     
  0.114506343034752     
 -0.691501165378083     
  0.589638781189057     
 -0.121373000381789     
  0.714118310996280     
 -0.580875867502211     
  0.180052037065465     
 -0.640248533128108     
  -1.16823845219667     
  7.154784302149454E-002
 -3.175623020585247E-003
  0.518621588845805     
  0.110095372985068     
  0.202466336039003     
   1.02280852773668     
 -0.111339451015795     
 -0.209141120068166     
  -1.00410511046756     
 -0.280220078197884     
 -0.194972130069569     
   1.85591227489869     
  0.290821787123349     
  0.199594099972752     
  -1.81740772793626     
  0.302778852853604     
 -5.755234841110263E-002
   1.63266093182521     
 -0.623306618704719     
  0.296506333503791     
 -0.780287578869621     
 -0.165088447688697     
 -0.135675033463999     
  0.174851640547190     
 -0.411378950816593     
 -0.248367606030062     
   1.80692181767354     
  0.107277927332531     
  1.518008133146789E-002
   1.01781879904539     
  0.267516833330830     
 -0.577146445565290     
 -0.875535479261859     
  2.007688715558196E-002
  0.804621794442273     
   2.10558955238316     
 -7.876148580663277E-003
 -0.845085228408332     
  -2.04764250031287     
 -4.354400222948607E-002
  3.064468094910297E-002
  -1.36810751565927     
  6.714436873384615E-002
 -0.107886831286767     
  3.043239280928716E-002
   1.12060318577440     
  0.689438573274311     
   4.94650513403353     
 -0.477268950880375     
 -0.322614497139070     
  -1.68329796585056     
 -0.525894696574698     
  0.237034835027095     
  0.482340184932735     
  0.546633832617371     
 -0.244092600764549     
 -0.471301485997021     
 -0.721753175505502     
  0.320298625517200     
  0.629935658334265     
  0.749648083812324     
 -0.328683384587503     
 -0.619834509934364     
  0.971067841574723     
  0.551636551872159     
   2.31358287484596     
 -0.417222165735615     
 -0.439228456470005     
  -1.82876754992558     
 -0.687198969916601     
 -0.525449238814519     
  7.962393551775519E-002
  0.712832972252119     
  0.537116423228711     
 -7.570627848581965E-002
  6.613737216429071E-002
 -0.310871658702011     
  -1.03347989875741     
 -3.262746436242802E-002
  0.269840851056844     
   1.06063464123381     
  1.794928364484712E-002
 -8.375992701897433E-002
  0.904386929820001     
 -9.655962389629279E-002
 -4.985264091990299E-002
  0.535885549218571     
 -0.423111299384094     
  8.498284501852459E-002
  -1.16032478515118     
  0.434266131072038     
 -8.434207696262289E-002
   1.13860111356816     
 -6.148319668286901E-002
  7.894275226979312E-002
  -1.03245247247604     
  6.223747667848302E-002
  3.280210727997958E-005
 -0.454045115136035     
  4.919767527360977E-002
  4.030418306080784E-002
  -1.50650709101091     
  5.431674884667425E-002
  0.140899533162834     
  -1.92032321822744     
 -0.104607172332334     
 -8.952056444033950E-002
  -2.76894355382493     
  0.193115798470371     
  0.145552995024978     
   1.25126933475687     
 -0.585909157609010     
  0.679195133482228     
  -1.47197517629445     
  0.548136567827393     
 -0.538323500417091     
   1.25711641216714     
 -0.266522823356640     
  0.248089289933038     
  3.918820935478603E-002
  4.938850568623252E-002
  8.711364311132833E-002
  0.563524631830644     
  -1.28213622420346     
 -0.720930875096917     
  0.319849178208748     
  2.793050143351644E-002
  1.238772252410173E-002
  0.197608105527790     
 -0.546208007424387     
 -0.388994342446866     
  3.554985957924103E-002
  0.566255042876423     
  0.399164437424813     
 -3.773028705936279E-002
 -0.126781046965954     
  0.637174771710909     
 -0.542981944944705     
  0.129801252229344     
 -0.650592405101630     
  0.532544566475934     
 -0.657224568849993     
  0.124971697907238     
  -1.49539630314707     
  0.672815526837996     
 -0.123105881143549     
   1.46680636825132     
 -6.430763242981849E-002
 -0.218019140030369     
  0.176101006632859     
 -0.547084933016948     
  0.443694187783331     
   2.66006882139958     
  0.317493392859740     
 -0.668167502019702     
 -0.197601050505445     
  5.535636185697313E-002
 -2.071594683571715E-003
  5.793567338629269E-002
 -0.522130442961582     
 -0.284183355345223     
  -1.30115655856558     
  0.541856543124083     
  0.241274562195978     
   1.21770627907129     
  1.379917669389575E-002
  0.416801509267871     
   1.04735319184569     
 -1.632307633562058E-002
 -0.426823545846872     
  -1.02736134244320     
 -0.416365170107580     
  0.532974068387058     
  -1.47160751621644     
  0.380656255443427     
 -0.587371893384481     
  0.730708108940749     
 
   1.23566027635791     
 -0.897085990072912     
  0.995444273252694     
   2.90370990631113     
 -0.781396423815871     
   3.82097216112967     
 -0.656925086219785     
  0.809085985402851     
  0.754548445435387     
  0.847370624573976     
 -0.765089746232796     
 -0.756873381414115     
  0.778008655036125     
 -0.352281769706703     
   2.30622701402247     
  -1.05588443369002     
  -3.34602886423200     
 -0.704198106015852     
   5.04256967289707     
 -0.780833444445842     
  0.759254465640873     
   1.46661677784216     
 -0.855003693518511     
  0.288330550717776     
   3.42729842455904     
 -0.810866025626895     
  -1.50077367658063     
  -3.39088431436345     
 -0.988482853248813     
   1.27252124505736     
  0.313764915298466     
  0.397933151980635     
  0.784228329605108     
  0.788186141679853     
  -2.78290704245354     
   3.08334127287638     
 -0.756368150588656     
   1.70583538598523     
  0.551712302384276     
 -0.631643948206637     
 
  0.103764352151637     
   2.67782136951326     
   1.94665412571311     
  0.928352475719347     
  -1.15160503481914     
   1.75077172984082     
  -4.62933694722112     
  0.149288698664534     
 -0.288284737562421     
  0.204671684606617     
 -0.831821729906369     
  -2.07896176333929     
  0.298914818455595     
  -2.51236601328273     
  -2.30375337658221     
  -2.45115081269955     
  -3.23659619510853     
 -0.369576986262831     
  -4.86781392098585     
   3.16681251894589     
   1.90497690060242     
 -0.177006858132164     
  -4.38988887240758     
  -1.51844586496545     
   2.26741199746368     
  0.455551902252330     
   1.26348178095069     
 -0.545083486804108     
  0.852989162855121     
 -0.651107268153581     
   5.79099030440994     
  0.556710583444095     
  -4.13948201917084     
 -7.918152050233881E-002
  0.444246346193290     
 -0.480729232154042     
   6.52982994668065     
 -0.603307098723897     
  0.114603556280240     
  -3.46472324202488     
   3.96957620040786     
  -1.31996723884151     
   2.61041692675874     
 -0.582569969931148     
   2.53262359887142     
  0.153767900226173     
   3.95501507105784     
 -0.791395956784014     
  0.523824988181310     
   1.61074718271854     
  0.321449505139820     
 -2.516637925682648E-002
   1.20130326491470     
   1.52625966773012     
  -3.74399201272796     
   2.53082056143257     
   6.32034048310940     
 -0.391645576105100     
  -3.82743760025938     
 -0.655098241923744     
  0.954193500167089     
   1.70313867076116     
  -1.06653929063635     
   2.75771266919326     
  -2.01491728747819     
  -1.99104730527389     
  -8.16508533329416     
  -3.02304715789162     
   4.64212916613304     
   3.85480861053482     
  -5.74259566032147     
   1.40408212321196     
   4.32292866755941     
 -0.754416591607940     
   1.77506691693474     
 -0.106559883901016     
  -5.22776767436024     
  -2.87547515419137     
   1.07596184207114     
   1.34137715918006     
  -3.95409985650219     
   2.73045480806427     
  0.125753373448326     
  -1.92433395834056     
  -3.01071035375422     
   2.37780649390566     
   1.68904384936487     
   3.05285359030361     
  -1.89092773006849     
  0.398575885623893     
  0.259772958031472     
  -6.70987241359801     
   1.74971160453335     
 -3.507577412729488E-002
  -3.38106854603924     
   1.88877675085455     
  -3.54595040339207     
  -4.81156494532359     
   2.88618533983385     
   3.53258371007084     
  4.667389736132782E-003
  -1.02248307804391     
   2.80083799605484     
  0.615456938365331     
  0.851095709323572     
  0.491675528204935     
  -1.20540146337302     
  -1.84030977508163     
  -1.90645734793212     
  -2.74403620966355     
   1.64793143586996     
  6.984582077117667E-002
  -5.63591591401602     
  0.834497943569431     
  -1.85035550461429     
  0.407048571991035     
 -0.754714827356328     
   1.79317609859272     
  -1.79984280048052     
 -0.407538978779104     
   2.90229730579605     
 -0.107243993176856     
  -3.71667013506826     
   2.10586680276038     
  0.862743957912876     
  0.809342023285117     
  -3.51645958439378     
 -0.623759360019142     
   2.32756858240376     
  -1.10194931317610     
  -4.18358479144649     
  -2.22626947754599     
  0.153198792194840     
   1.59793900929767     
   3.03868691025594     
  -3.25326985893897     
  -1.62032607167054     
   2.46037902668295     
 -0.632656162360195     
  0.922028953613347     
 -0.805488459663531     
 -0.856530729877952     
 -0.979019131855631     
 -0.848696187710464     
  -3.02307130765833     
 -0.423708859491709     
  0.990224845199743     
   1.29534542991696     
   1.16995204762007     
   3.39918713823453     
 -0.325010469580001     
 -0.143399660862134     
  -1.17314139539466     
  0.414351342164370     
  -1.77100439798986     
 -0.911803865585206     
   3.25908290723716     
 -0.258005175604251     
  0.508871347210972     
   1.51917085881446     
  -1.19584076383959     
  0.125853252419417     
   2.13837411321600     
 -0.532295233969837     
 -0.664647624094114     
   3.03383227356914     
  -2.50934197240324     
   2.26883950588216     
  -2.65516931872489     
 -0.561000638683746     
  -1.51082118801305     
  0.325007018982382     
   1.74638805531510     
 -0.882917146050774     
  6.693350809425902E-002
   3.92239300873550     
  -3.54699443640237     
  -2.98397751836183     
 -0.510425466602325     
   3.97144913858916     
  -1.68931132382836     
  -1.22799986327149     
  0.670178903406641     
  0.358188868316706     
   3.14673898018079     
   1.61555786807704     
 -0.189643548972536     
  0.944499446535570     
   1.21619465992767     
  -4.79802128476878     
  -1.62311289432710     
  0.413544613159128     
  -3.34170038951810     
   2.22830727769840     
  -4.92092373791700     
  0.568485076420467     
  0.300446518102630     
 -0.398065908935282     
 -0.776073828181276     
  -1.36238557085669     
   8.79694349380979     
  -2.33216806806916     
  3.941966688470865E-002
   2.83396253490567     
   1.40432837494301     
 -0.504883673022347     
  -2.23385018337307     
   1.86377029833854     
   1.05623596915942     
   1.52669826401871     
   1.15435444021415     
  -1.37423230625794     
 -0.526343085505214     
  0.165151406290463     
 -3.484686587317573E-002
  0.893755834969979     
  -2.00391357436068     
 -0.893603283837015     
   2.13475672993827     
  -1.82491542084480     
  4.781737688548958E-002
  0.108198995750569     
  -1.65411255001958     
  -5.47465132226185     
   1.30857438335912     
   3.12380121664400     
   8.76828918481094     
   1.33026829808846     
  -3.20673082099268     
  -1.63933638401668     
   10.2281484700889     
  -2.10478608906483     
  -1.41331920895920     
 -0.693081217734834     
   1.30806364246870     
  0.213218852271320     
   6.10770723186073     
   4.09090063062608     
   1.18821723570693     
  -1.21697265564030     
   3.18608075327729     
 -0.930598509130510     
   4.80443665356444     
  -1.13623108479286     
  0.406168306098419     
  0.192872127119506     
 -0.293342050225273     
  0.723636137661649     
  -1.33722942417150     
 -0.219907121043918     
  -1.01515370662846     
 -0.909868243450445     
   1.13944250012330     
  6.178064133771996E-002
  -1.26987898489907     
 -0.448996216785933     
  -3.07754910601799     
  -3.30864608220709     
   1.78722838756746     
   1.15783168382291     
 -0.104025098536240     
 -0.494680432348033     
   1.08042715627337     
   1.02457803345658     
  0.267646821020136     
  -1.78719587880013     
  -2.51308247537367     
   2.38154782665628     
   1.83682483671968     
 -0.939330080177133     
  -1.69379325793621     
 -8.730434285636067E-002
 -0.996242209776624     
  -1.70156272931552     
 -0.106535311092629     
  7.811455492443384E-003
   3.07705465854905     
 -0.160771425994074     
  -3.04195024199183     
  6.534607497876632E-002
   2.62031178325461     
  0.867144279386115     
  -3.82846187400146     
   2.31810057619472     
 -0.222109379015611     
  9.966964500980686E-003
 -0.849968360087238     
  -1.94494420098816     
 -0.203992325079969     
  -1.80029516943106     
  0.364732269401862     
   3.27875563248286     
  0.714994212431011     
   1.08178389640825     
 -0.728166860019552     
  0.382966481430606     
 -0.561468676507250     
  -1.69578414007944     
 -0.783411557042818     
  -2.58779929844045     
  -2.17927294143679     
  8.338033700914017E-002
   1.48545315673858     
   1.31193445458477     
  -1.77189994243038     
 -7.017943094852479E-002
  -2.35723868310664     
   1.95348022629541     
  0.442432940376133     
   5.29346936952423     
 -0.259304407559807     
 -0.307839484712704     
   2.36020626986689     
  0.692848600830090     
 -0.359305048380807     
  0.340410300820527     
  -2.02838320642099     
   1.11020804985265     
  0.578207018179498     
   1.80116323888719     
 -0.327649494822574     
  2.737863337576222E-002
  -1.42755404197976     
  0.386343280504547     
  1.035363166238326E-002
  -1.30803383815718     
 -0.463820122161487     
  -1.10491945214824     
 -0.553993393294219     
  8.451917499116743E-002
  0.573134352974569     
   2.53844501078604     
  0.243947505872966     
  1.081593118629251E-002
  0.422986671428569     
  9.902931880676963E-002
 -0.691190883346591     
  0.487096512277960     
  0.752392407478183     
 -0.942169337430328     
  0.463468079306332     
  0.263818408994117     
 -0.766586885651941     
   2.96675128425122     
  0.101730769847101     
 -0.655800136740226     
   3.46607687375203     
  0.433652878890283     
 -0.139347290609196     
   2.28275637182459     
  0.702003711487562     
  1.724774273301852E-002
  0.307710342822889     
 -0.639331543286707     
   3.34857757369281     
 -0.680295063018103     
 -0.833640990097527     
   4.19202376204582     
   1.93078255771161     
 -0.162473027626151     
  -1.55337216761275     
  -2.17867360480042     
  -1.29655724380536     
  5.501689902168937E-002
  0.868170061587323     
  -2.01183136328208     
 -0.594975588992615     
   2.94346335918270     
 -0.976878690329584     
   1.93956665085974     
   3.17740035918023     
  -7.37124335271476     
  -2.02145744701726     
   2.26159179708724     
  -1.28930280664559     
   3.45417245274837     
   2.75859545921630     
  -1.22697610264706     
   4.41958233465179     
   2.94568396720150     
   3.37195938793056     
  0.508078437812852     
  -3.02736567419906     
  -1.16227190510180     
 -0.491352583972848     
   2.26455656870192     
  -1.48056066138460     
   1.38195437158251     
  -2.36989407392355     
  -1.78980654277336     
 -0.761707716791984     
 -7.421950898977218E-002
  -4.22066528547745     
  0.418198108156040     
  -1.59278156350104     
   1.99998961013703     
  -4.22280738382602     
   1.45441145511205     
  -1.81445997584546     
  -2.27655468177459     
  9.036809347306954E-002
   4.82139360805058     
  0.111666043325604     
  0.560903750517981     
  9.780006948524733E-002
   1.08604594369489     
   3.23514767049422     
  0.389092980877401     
 -0.185336504504822     
  -1.49247290895707     
  -1.09213354829774     
   6.60131319677002     
  0.298567177637143     
  1.007780100994763E-002
  0.212141967697045     
  -1.24067266954390     
 -9.158706179921608E-002
   1.48263290493079     
  -5.13495984927443     
  -3.01171406303812     
  0.499516139956199     
   1.62176393710115     
  0.829320568196869     
  0.546033188813000     
  0.501185894832428     
   1.21669223506333     
 -0.520032183086974     
  -1.37388810841658     
   4.19225194676628     
  -1.73949918312432     
  -2.39363745019221     
  0.288582479903993     
   3.78175826929956     
   6.40249439007421     
   2.46963799978484     
 -0.368214008741800     
 -0.968972624533646     
  -2.69108729043579     
  -1.89121816299583     
  -2.73370058315600     
   3.66149308725653     
   2.30622284872280     
 -0.643870198860770     
  -1.03981803016060     
 -1.474049514298930E-002
 -5.875152114754591E-004
   4.06025808792455     
  -1.74589465241121     
  -2.83019126374340     
 -0.578223460554074     
   3.09607555828778     
  -2.84754149672284     
   2.75364541281875     
   1.73973333535356     
  -2.38955705077010     
   2.39322665459181     
 -0.732359994548293     
  -1.08772450877387     
  0.722634693055650     
  -1.98458469441223     
  1.312337839008866E-002
   1.80984239292796     
   1.80759437223303     
   1.65526723385560     
  -4.13246987047002     
 -0.799863318806727     
  -1.59796397696662     
 -0.896016248308459     
  0.153707466224651     
   2.39192036412154     
  -2.98161527015040     
 -0.983086002102779     
  0.916508502990351     
   1.42783652894534     
  -1.39777599595034     
  0.562002352057463     
  -5.34980546267115     
  -3.03386435967374     
  -4.12580460653105     
   1.75978958767950     
 -4.148707504323029E-002
   3.93966823994603     
  4.177866161616881E-002
  7.948447227702674E-002
  6.881095651237497E-003
 -1.736166127860087E-002
  9.591628396900080E-003
  -2.86939629616745     
 -1.919609378509646E-003
  -4.49171509501474     
  2.806078328701525E-002
   12.3843587795399     
  -4.60159524046268     
  1.098230762847662E-003
 -2.902413554442926E-003
  1.510792460791266E-002
  -12.1175027055786     
 -7.343307675352825E-002
 -7.206753626660217E-003
   10.6703627608768     
  -3.12941245361298     
  5.659494767797327E-003
   2.56242298852184     
 -0.640449816701411     
   13.3022487448467     
   8.69602074142812     
  0.382963896537061     
  0.195152477720842     
  4.648057478640182E-003
 -2.976441063164284E-002
 -1.255863040145596E-002
  2.082565229252531E-003
  -8.59911485836110     
  -7.10250237937464     
  -10.7106425592453     
 -8.075805785672777E-003
 -1.959937420814409E-002
  0.221423674304830     
  -10.6726636596775     
  1.000506436139926E-002
  0.640145942111235     
  -2.00325223455662     
  0.236293509511012     
 -0.786206151499560     
   1.14589107690469     
  0.167504494644482     
  -2.76567683660513     
   1.45054823641235     
  0.487822343026074     
 -0.820023759277406     
  -1.27439667780795     
  -5.89217970701497     
  -1.63739913102041     
   2.00443212226682     
 -0.491785704489681     
  0.785138321544378     
  -1.16807592403224     
 -0.794236903710655     
   1.07869855363571     
  0.846507327721457     
  0.366230515422370     
 -0.791692089003465     
  -1.51278911856027     
  -2.07716692554490     
   6.42546950840753     
 -0.987198848404931     
 -0.335346213064526     
  0.420748960238549     
 -0.448297620429976     
 -9.034556064839400E-002
 -0.902595485293402     
  6.772445544255863E-002
  -2.23177964893713     
  0.421152855264447     
   8.01807458508668     
  0.620716919231934     
   1.84002622341874     
 -0.196779976779086     
 -0.284730012455307     
 -0.179208558493894     
   6.99094512920050     
   3.47982434316570     
   4.25435735877008     
  -3.23183205589482     
   5.99604922211512     
   5.78594836811180     
   5.13055024680534     
  0.110307625834453     
   4.07103134364619     
  -3.02253799573267     
  -5.55483754622186     
  -1.27058935800761     
   2.87360650175066     
   2.72967940160662     
  -5.08268153163296     
   4.16671491236149     
  -3.72760738970532     
  -4.32078486974512     
   7.07616247701408     
   3.92590680042826     
  -2.67114072441754     
  -1.71223040273798     
  -1.03398231521546     
   9.04156054193644     
   4.69855224225592     
  0.633756030750861     
  -5.51473570834086     
 -0.468046902309122     
   3.29338209540195     
   2.93221638272285     
   5.29112128876993     
  5.986084641865722E-002
  -2.17127976696908     
  -3.70690718206966     
  0.117693138065649     
  0.786258124357557     
   7.62195209698034     
  -7.80473906998955     
  0.405586758626508     
   4.88796958290291     
   1.11583461563240     
  -4.27403394254885     
  -2.04278266816077     
  0.441699096978070     
   3.04256266489458     
  0.332821897749257     
  -1.15411543224255     
   3.80572147824907     
 -0.897030783348423     
  -1.97613055033617     
 -0.421153345810051     
  -1.46797764491793     
  -3.91410513411630     
   4.16445351900075     
  -1.00227182518511     
   1.77178718033162     
  0.112139101799108     
   1.31457464621167     
  -2.43660532811267     
  -1.98115371482926     
   1.82126394004738     
  -1.78018718842220     
 -0.569267662036305     
  -1.21139524334962     
 -0.935377760432841     
  -3.29432647928453     
  -4.99674532169933     
   1.86787207713248     
  0.601523888123448     
  -1.34458424881324     
  -2.11385410866358     
 -9.157944349825164E-002
   5.74142290111597     
   4.90106028872933     
   3.22782015407478     
  0.756142954758228     
 -0.889810765187955     
 -0.867055549956301     
   4.44655019465797     
  -4.68387615749330     
   3.50161524752082     
  -2.33879658612141     
 -0.919116159943057     
  -3.51863677287387     
  0.398512153061449     
   1.30123574114485     
   1.54557070794309     
  -4.53582562685037     
  1.777049745942334E-002
 -0.152082122394856     
   1.12771096946902     
  7.694653212973696E-002
  -4.05874897410086     
 -0.401570292222662     
 -0.413340162642792     
   1.36905160943884     
  -2.89296946393346     
 -0.507255886994238     
 -8.820452627708528E-002
   4.39825831802509     
   1.29972014625894     
  0.267109069202474     
   1.54866986360947     
  0.491424758508111     
 -6.515532454973573E-002
  -1.80452884208470     
  -3.33781272885057     
   1.64114071837790     
  0.839721971761123     
  -1.31609441543111     
   2.04369508268780     
 -0.234539247808806     
  -1.05756805331857     
  -1.00248752385592     
  -1.85378885640883     
   1.57523553873653     
  -1.36286278191510     
   3.10139952895222     
  0.715290347202838     
  -1.00952943625974     
  0.214201756964132     
  -1.58255081947316     
 -0.475384559784295     
 -0.639891579419090     
   1.35595486339616     
  0.171422368725176     
  -1.12249707505052     
  0.877775926861519     
   1.29175280101494     
 -0.341917452374972     
 -0.932507179110322     
   2.13508271083446     
  -2.33398890848332     
   2.20358946245413     
 -0.188690605349310     
  0.411865732613413     
  -1.21734256154332     
  0.118978677588186     
   2.29786324027655     
   3.50124141892148     
  0.701988475211311     
 -0.638981222530661     
  -1.17090613612770     
   3.89743486044366     
   1.34172758512668     
 -0.630610392052364     
 -0.556853181957976     
  0.380106469386728     
  -1.45721140146207     
   1.29403279209741     
  2.562394364269649E-002
  3.759053907497079E-002
 -2.270604764373875E-003
  2.506505492357099E-002
  3.571221899172621E-002
 -2.184612979190372E-002
  0.587148666706305     
 -0.231188638747109     
  0.236683114346132     
  0.150098312222224     
  0.280110033544859     
  -1.18203296882968     
   1.57205480231336     
  0.233269296165576     
  0.927076622800807     
  -1.63942955818885     
 -0.327270148739254     
  0.927037318012292     
   1.91407904722868     
  0.151421487026259     
  0.127020886255382     
 -0.745224177842755     
  -1.07250827544802     
  -1.03373497018118     
  0.626621445279443     
  0.148543083415665     
 -0.879343799525263     
  -1.06922407650320     
   2.81678157075444     
  0.154569869052156     
   1.22151514876430     
 -0.578023247197039     
 -0.762478158949077     
  0.120672014055588     
  0.634923234367065     
 -0.577683096107780     
 -0.657972666779172     
   1.67906151669911     
  -1.10766867407445     
  -3.51452241424140     
   2.70855288499536     
 -8.820262835617394E-002
 -0.244157033293212     
   1.68626384976677     
  -2.19891599816875     
 -0.260609437577452     
 -0.583574804985115     
  0.522968602389990     
  -1.63560296811733     
   2.48110206266614     
  -2.16028472525409     
   5.06585746039110     
   4.25120576433322     
 -0.581699661291039     
  -3.33925508482820     
  -1.57889972410450     
   1.21679142745289     
  -7.97087009360819     
  -3.52636446753149     
   1.64410060714017     
  0.647044308295575     
   5.21247904089615     
   5.32324746780459     
  -6.04608117694186     
  -2.04061402687657     
  -4.01755632016886     
   2.25033527056450     
  -3.57064651271004     
  -2.25002992827009     
  -5.34591286588632     
  -1.18652378690351     
   2.49652611862855     
   1.15085619135116     
   3.46334316458488     
  -2.97002817483812     
  -2.06254345164058     
 -0.509157385949849     
  -1.60876345894619     
   1.50205206105537     
   5.97165226258457     
   3.83497294281050     
 -0.272580059999730     
 -6.912253030833924E-002
  -4.99996678403192     
   1.14355043443790     
   2.37731163419869     
   4.59954648373744     
   1.49754043496993     
  -2.03410729107960     
   4.81908628704101     
  -1.87474975120065     
   2.08664066729354     
  -2.74065383601738     
  0.572436671393850     
  -1.25912474380464     
 -0.135314562281729     
  0.356211164443637     
  -1.87306210887310     
 -0.572366698223462     
  0.271087786583546     
   2.58467304631451     
   2.01238157871414     
   1.84131166731599     
  0.558386841970456     
   2.71203689046736     
 -0.639962322624540     
  0.317184930790869     
   4.15282379688467     
  -3.57271788436299     
  -2.37636548602018     
 -0.417115887238584     
  0.966182725853372     
  0.202438369966203     
  -2.26892572717050     
   1.65146693274044     
  0.165350047891615     
  -1.91775468018585     
  0.728068816314954     
  0.387473865828688     
   1.07304327114834     
 -0.287778361136785     
 -0.116917981868866     
  0.536285296828751     
   1.16215182082207     
   2.78070341349457     
 -0.397502158261268     
  -4.05591819974782     
   1.80222166370049     
  -1.53317203008178     
   1.02452951850440     
  -1.04909654212015     
 -0.691401036124410     
 -0.561981777288269     
  -1.19572611605125     
 -0.517873766424870     
   1.52387233561077     
  0.577328110994372     
  -2.84113287965396     
  5.786636534590837E-002
 -0.143661422285340     
 -0.755824588999987     
   2.22703389085799     
  -3.04133355242248     
 -0.300395691292629     
   1.26967639250731     
  4.286046483681272E-002
  -1.23552557505325     
  8.871775915616401E-002
   1.85117031302912     
  0.534176578770649     
 -0.137617428366718     
  0.113082773963642     
  0.808266951774792     
  -3.02616728853443     
 -0.431226175682404     
   2.13099713435204     
   1.81302069561526     
   2.31506223624868     
 -0.500976123732903     
  0.543027255192039     
   1.19449978156775     
 -3.513239562165970E-002
  0.940557431880324     
  -1.60030931268616     
  -2.04590472668967     
   1.68853843697051     
  0.880358793752996     
   2.73847602545072     
 -0.835216933286155     
 -0.585593266824369     
   1.76767982231305     
  -9.37828444875170     
   1.58429511467840     
  -2.52900645804574     
   1.58780786663564     
  -3.28696199957802     
   2.29540759178731     
   2.61889911792187     
   3.41597572666160     
   1.12037556359111     
  -1.82898939512728     
   4.00442180097808     
  -2.91609146645320     
  0.492024817401560     
   1.70355718268486     
  0.189342233703847     
   2.83854416004903     
   4.00663146338368     
 -0.213122744176901     
  -4.55900919822939     
 -0.788182662771618     
 -0.532297272055481     
   1.20816135055767     
  -1.52222243702088     
  -3.80898112139217     
   2.19198657451321     
  0.842447527578619     
 -0.817393342429586     
 -0.606635979099518     
  -1.79742542551294     
  -2.30617484910551     
  -1.05129633771018     
   7.31240563638678     
  -1.42226451950636     
   3.13760060712260     
 -0.180880080887196     
  -1.43861493048771     
  0.526795514784519     
   5.40961111509736     
 -0.618262830677450     
  -1.85659648639698     
  6.744258716908543E-003
   1.32964894447089     
  -1.36992842075337     
 -0.176127374490013     
 -0.724293954603056     
  0.775066106641940     
   1.61706534261280     
  0.149674726584653     
   1.48311859663008     
  0.428260341762382     
   1.10709801868007     
   1.08022229472040     
  0.172426115755279     
   2.20649143804975     
  0.548479663938688     
  0.315546896651495     
  -3.11795777201115     
  0.467298163875652     
  0.591211078989906     
   1.31416904085599     
  0.252258653875613     
 -0.288908296497377     
   4.45437004759318     
 -0.878693803410154     
  -2.97605511100512     
 -0.386520626240239     
 -0.967126518076185     
 -0.350948063301956     
  -1.74439858708262     
   1.18722999952974     
  0.145538025643834     
  0.108624695293886     
   1.38034268214870     
 -0.784231839172872     
  -2.14004138034474     
  0.746398345636261     
  -3.17440413277604     
  0.602378197518682     
   1.66168750393498     
  0.600320747459331     
  -1.57248310558690     
   5.24212144363475     
  -1.19443988195797     
  0.703477599351736     
   1.35576087178561     
  0.691490412038118     
   4.06032986110625     
   2.56684258203965     
   3.55151006423183     
   4.61161634170954     
  -1.48293881791831     
  -1.51688212102729     
 -0.969916839244742     
  -2.90686292906144     
   6.47783018929072     
  -2.62274802728063     
  -2.03533921734513     
   1.04742988560002     
   4.37509395409354     
  3.822561889999601E-002
  0.786389743439825     
 -0.315679653431258     
 -0.924990483218800     
   5.80619715530871     
   4.28652000221939     
  -3.36737782811942     
   1.11836949360699     
  -2.63190399475090     
  -6.19680957407633     
   6.14347631409871     
  7.917262215511600E-002
  -5.62715839078463     
   1.25651495479054     
  8.314108994061953E-002
  0.530289727588061     
 -0.607268446953033     
   2.42349880250632     
  -2.00190083686233     
  -1.36356148101940     
  -3.01033423704027     
   4.70449912903802     
   1.56725724925698     
   2.19162830959675     
  -1.86191446431058     
 -0.812345469167248     
   3.71300003859802     
  -1.47453825178042     
  0.450708627933222     
 -0.862043524122762     
  0.370534503413634     
   4.05066097726430     
   1.51553615365702     
  -6.43207794538433     
   7.14674981786324     
  -6.43035028179884     
   1.02527597928059     
 -0.398601860560469     
  -2.31948380667944     
  -2.78003291484360     
 -0.468924487175386     
  0.206212858450625     
   1.43176228208822     
  0.517322189387178     
  -1.31981226896500     
  -2.42190677653253     
   3.82414023671271     
   2.75218675650180     
  -1.81223467842811     
  -2.74537067749089     
 -0.775350194243908     
  1.553394650820875E-002
   5.02201773510985     
   3.47771504209264     
   3.37060527728166     
  -1.55532500873189     
 -5.361791425978091E-002
  -5.39973136924735     
  0.375269669539028     
 -0.313364069454412     
 -0.163863151042255     
   3.81330197539684     
 -0.190249207399185     
  -1.15986050957756     
 -0.383398197122041     
   1.53257046624543     
 -7.294810135285698E-002
   2.02984262632306     
  0.579922821002074     
 -0.817182903993964     
 -0.903903529132699     
  0.772925219499560     
   2.46384485010247     
 -0.114293301316985     
 -0.657474481327699     
  0.125447312995044     
 -0.657301230078199     
  -2.76872432298371     
  0.934377257211198     
 -0.246049670822472     
 -0.352260721900613     
 -0.432883824224506     
 -0.658835488814122     
   1.58793490621554     
  0.673011366078365     
  0.613071751260425     
   1.38422643693368     
 -0.421030011517796     
 -0.854198059724100     
 -0.870095824714348     
  0.543508848810555     
 -0.229993203774512     
  -2.39528499253949     
   1.16537626834197     
  -1.76448252816948     
  0.661200714974449     
   1.27042163582197     
  -1.30300997953806     
  -2.50096060778176     
   1.16066932354210     
  -1.61642619176096     
   1.21286115075263     
   6.59872786030197     
   1.65369628168811     
  0.741908374620049     
  0.676104215531507     
   2.09011694608514     
 -0.602673525506043     
  -1.17576465637033     
   1.75748978721179     
   1.00704129363713     
  7.239068352078856E-002
   2.98869428607496     
  0.181344386152780     
  -3.01309987048180     
   2.56506778543723     
  0.600979740872992     
   2.35142034425622     
 -0.150829800663552     
  0.427939737541354     
   1.94002215568433     
   1.38445898308360     
  -2.24736424880726     
   5.76932630209387     
  -3.10851692078857     
 -8.695569070604199E-002
  -4.70358128930290     
  -1.54316968633682     
  0.827135840207753     
  1.710688188866050E-002
  0.590052327598764     
  0.839893512566806     
  -2.26807928996189     
  -1.76152329264461     
   2.10784797354086     
 -0.110314002465857     
 -4.553568083612341E-002
 -0.893919240512221     
 -0.859307498107547     
 -0.237977482352337     
   1.55801213288859     
 -0.397450309186392     
  0.864628008487952     
  0.169701525408962     
  0.762828193549448     
 -2.870398721196451E-002
 -0.404349590297895     
   1.69865288613796     
  -1.36938198362869     
 -0.877951491024685     
  0.986739171645243     
  0.270817426025939     
   1.82660800538773     
   1.86107905931293     
 -0.682900635450098     
  0.485717945950839     
  0.292376400127885     
  -1.91239019705827     
  -1.05926707573433     
  -2.68142274878973     
  -1.60112185257763     
  0.469863420309855     
 -0.373321306675562     
   2.51205445257800     
  -1.20477579861910     
  0.122544723658060     
  -2.74719790477016     
   2.17199404669747     
 -0.343959178303291     
  0.249760175407366     
  -1.04691749086784     
  1.025800180016543E-002
   1.20704405843757     
   2.12842845938873     
  0.220533709986640     
  0.511068032301459     
 -5.508007093996539E-002
  0.700088808031932     
   1.44127689075180     
  0.523279504308403     
 -0.609428741464220     
  0.675005432499612     
   4.78941263461653     
  -1.70373457788872     
   1.00142478373774     
  0.817211926398130     
   3.71970659130182     
 -0.687888613774570     
  -1.11655721288621     
   1.93450135247831     
   1.43479228815300     
  -1.33063608684306     
   2.81159882996571     
 -0.266492868284746     
  -3.12062797372545     
   3.08499754177625     
   4.46035793065395     
  -2.30221088840675     
  -1.09496800581100     
  -1.73074978356082     
  0.564245303350818     
   1.63345988988984     
 -0.737971083371592     
   2.40744871225102     
 -0.165179914766959     
 -4.738769856225995E-002
  -3.86586696559966     
  -2.54744571421903     
   2.11488461810976     
  0.783817470887009     
 -1.606854123749982E-002
  0.648649166978663     
  0.211930478239365     
  -1.32718659046712     
   1.34010202601691     
  0.468601047715289     
  -1.23820720363280     
 -0.904013591599326     
  8.942641208734392E-002
   1.11209851403227     
  0.815318647048228     
 -0.498027268614891     
  0.491551968051559     
   1.22107442011179     
  0.441188386742074     
 -0.224643482062078     
  -1.69879178605027     
   1.11683568252108     
 -0.514645986405936     
 -0.670197046093310     
   1.69738848685850     
  -1.47258587927734     
   1.06794700620084     
   1.48790604767462     
  1.634214273484096E-002
   1.48860680030189     
  -3.89010931800960     
 -0.836103398526350     
  -2.49732417125394     
  -3.17567374049752     
  -1.04615193178563     
  0.421919753516946     
 -0.234148160005381     
   2.00307429231112     
  -1.03547157407999     
 -0.252434171719177     
  0.147889863042913     
   1.62970908527340     
  -1.59535419033726     
 -0.221699826914169     
  0.422603974076684     
  4.356198095386252E-002
  0.297202285422202     
   2.49825611988519     
  0.463221181924775     
  0.473741058630828     
  -1.22628017921249     
  0.946635055266182     
 -5.104412794859885E-002
  0.696616663220145     
  -2.60020918623650     
  0.996309094967648     
   2.36400670864703     
 -0.984732499692614     
  -1.51416957009055     
   1.69681605422226     
 -0.861495102499852     
  0.350147357707955     
  -1.24063705621233     
 -0.241830386656613     
   2.15464248039061     
  -2.54400895303036     
   1.00992051979991     
 -0.147546166897090     
  -2.34782112398099     
   1.21544377078497     
  -4.44201860772991     
  -2.75250276011196     
   2.63708113597351     
   3.76051963787006     
  0.473423089863922     
  -1.59761702059021     
  0.880373423846532     
   3.72972559261312     
   1.16649860347048     
  -1.71712634311711     
  -2.48831228586317     
 -0.372718302576770     
  -1.12339636505573     
  -1.08633444934741     
  0.658588527771901     
  0.312244002276145     
  -3.73029725432486     
 -8.686870331345531E-002
 -0.774953631636367     
  0.541928209086903     
 -0.730613491451279     
 -0.612718150152274     
  2.824826726214183E-002
 -0.583213908616525     
  3.087451694261160E-002
 -0.822631872011442     
 -1.154665018927770E-002
  3.681800436428649E-002
 -3.652712552371026E-003
  3.112700567990720E-002
  7.112042550010572E-003
  0.609153155298532     
  2.374998737492434E-002
  0.920429886618817     
 -2.640648804831856E-002
  -2.40904576388351     
  0.863797818353782     
 -6.692624493114063E-004
 -9.179744001186253E-003
  4.364560289161825E-005
   2.39116092455014     
  1.055688010261551E-002
  0.128267523025387     
  -2.21366548729822     
  0.559617655912082     
 -1.687628083132888E-003
 -0.452790451072636     
  1.571571757790959E-004
  -2.49896362732571     
  -1.63878539417030     
 -8.499785316129697E-002
  -1.38008680702551     
  4.792820865618604E-003
 -7.282495951509721E-003
  6.536840749614263E-003
 -1.502265006624379E-003
   1.77523493912149     
   1.38466042967883     
   2.07849848475109     
  4.709615148165481E-002
  2.087955129759579E-002
 -6.746667260359097E-002
   2.18453546367301     
  1.499060595828501E-002
  -3.84052483156509     
   4.98182056400746     
  0.537252872564128     
   7.13708572911567     
   1.79975423710564     
  0.844169020554290     
   3.30082019632555     
  -5.88621049040916     
   1.21141189917974     
   2.24442298708805     
 -1.193393224662000E-002
   2.07362270434997     
 -0.616619757973885     
  -10.1054238806501     
   7.87987262539890     
  -10.0440997316466     
   3.12718309639693     
 -0.616146725567189     
  -1.29761459339068     
   2.87885534072417     
  0.581243177554520     
  -2.20406387328231     
   1.78280303705640     
  -7.90463645566276     
  -6.69248533097400     
  -6.57507337359186     
   2.00626906153112     
   2.25881754102851     
   4.98153224472580     
 -0.874116951267117     
  -1.92363870702975     
 -0.971822951093247     
   2.07512461865361     
  -1.69885911646729     
   1.23124348138421     
  -2.89103923309113     
  0.901099368447712     
 -6.597682182464501E-002
   3.85072119646403     
  0.399763089097983     
   1.68852248123954     
  -1.32997686877711     
   1.88168286237734     
   1.09960111830816     
   1.51373456936069     
  -1.58747037780603     
   1.24910926446326     
  -3.22936078806090     
  -2.53829723253372     
  0.689646641064618     
  -1.53418155848731     
   5.42698150217325     
 -0.351129390417043     
  -3.65249914719408     
   2.30990734176649     
  -1.51657368572052     
 -0.423962290791461     
  -3.40637804702885     
  -1.69980142726730     
  -5.16146543268243     
  -2.14825262790385     
   1.25438555635381     
 -0.497909702521719     
  -2.39628893361383     
  -3.89877325776605     
   1.46904701485149     
   2.29602636321903     
 -0.603512467718170     
   1.91898283768745     
   2.39643339588007     
  -3.24876499611103     
 -0.354406051151267     
   3.67286532251851     
  -1.90179630596121     
   3.54212016140236     
 -0.916043344436608     
  0.266376313058391     
   3.08069954969962     
   2.44425252743425     
   1.37587682588731     
  0.764893625951554     
  0.504895775541547     
  -1.85012678485005     
  0.212940588941589     
  0.160421502141157     
  0.263704980845343     
  1.305178331513454E-002
  -2.02051147236172     
 -0.400303549614449     
  0.179260984832666     
   1.11933454903918     
   1.82865946391934     
 -0.283501358300929     
  0.850508948507214     
   1.05671264184390     
 -0.349677366437316     
  0.958052440350736     
   5.45809707315364     
  0.345073681999212     
  0.735913963705379     
  0.699932086854514     
 -0.119610101378155     
  0.652227576682460     
 -0.229580064024204     
   2.65045357715479     
  -3.54088927700496     
  -1.57679474145429     
  0.532524178277527     
  0.720720988614721     
  0.909002715400872     
 -0.110698045928867     
 -5.439886027788476E-002
   1.29120580578703     
 -0.195979811442307     
   3.81156056132921     
 -0.201848724162240     
  -2.22000797371804     
  -1.18125078835990     
  0.349392610598010     
  0.484200600955034     
 -0.357092181977898     
   2.41618210343220     
  -2.46485666833676     
 -9.572255826749829E-002
  0.888524101662380     
 -0.735474212915070     
  -1.39481819027550     
   2.59500671679423     
  2.937653954389086E-002
   1.10049496853768     
  -2.70341449637865     
   1.23692688836961     
   3.77470859696929     
 -0.827006673270615     
   1.75670712821417     
  -6.77257718868658     
   4.41869112232216     
   2.70973587481864     
  0.217160284736806     
  -1.93630729843455     
   3.57354711168397     
  -2.01328063551569     
  -2.32776373333873     
 -0.155004660238500     
  -4.27834071497611     
  -2.46308049994476     
 -0.452168682901864     
 -1.658889664561795E-002
  0.434852242525663     
  0.929026994805751     
  -5.64220005068466     
  2.800387244434349E-002
 -0.955764571366480     
   3.59561202081701     
   3.29470370445450     
  0.164283300897835     
   3.81201961452370     
  -2.16360715027761     
   4.32852262487499     
   1.46170645507527     
   2.06697466628219     
  0.134587518961481     
  -1.77154978241712     
   1.99957210538352     
  0.110532382401142     
  9.292169655322755E-002
  -1.23293939877691     
 -0.605346251333112     
 -1.622839651307496E-003
  -1.10327235244185     
 -0.589417597021281     
 -0.326977833060785     
  0.598996422078286     
  0.377294727014796     
 -0.373903549793831     
 -0.236939860160473     
   4.53912739301042     
  2.104514946890762E-002
 -0.902437075149051     
  -1.83321902385612     
  -1.30169187944793     
  0.168265009133912     
  0.359242698804888     
 -0.175809173550097     
  0.110835358371868     
  0.630996287022575     
  -1.88427013885482     
   1.26849784822065     
 -0.199257228958507     
   2.09701747229997     
 -0.407110853379586     
 -0.180767895314709     
   1.01118191156463     
  0.911227359834450     
  -1.27414488530173     
  6.568741442078771E-002
 -0.185176439911926     
  0.538546324530405     
  0.275809561179910     
  0.538326029375784     
   1.71566564222493     
 -0.497438036973191     
  0.134221546786360     
   1.09413631229146     
  0.565824179207955     
   3.42245357545891     
 -0.641173399992435     
   4.02452163798462     
  0.417982735652476     
   1.22889958189901     
  0.584566688065181     
 -0.820202045044049     
   2.43204930278846     
  0.330238325685314     
  -1.85327960014302     
  5.508316500726883E-002
  0.931148317013038     
 -3.143808378464745E-003
  -3.00522260712075     
  -3.08992190799212     
  -1.01759219493467     
 -0.155115604131035     
  0.190408336649349     
   1.17188929370011     
  -3.24771768242514     
 -0.748316937117741     
  -1.68687002890737     
  -2.12749050269139     
  0.738678516235167     
 -0.237762501547093     
  -1.10730035620463     
  2.178330924075295E-002
  0.501734831564569     
  0.963626811880259     
   1.53641892885165     
  0.105720660408739     
 -0.930266720346048     
  -2.05291936219326     
   3.26312362542167     
   1.09928678933973     
  0.996682094691067     
 -0.742272102029353     
  -5.46369244204772     
   1.09786779707737     
 -0.874530558062796     
 -0.703115936294704     
  -3.21447398931193     
  0.484368943290788     
   1.14292837841494     
  -2.01376085302817     
  -1.19256329512024     
  0.402038221529906     
  -2.83493037819999     
  0.115678196870524     
   3.13916910666458     
  -2.85569912518858     
  -1.73046863339023     
  0.973473795547135     
  0.609589407561602     
   1.08768120801101     
  -1.00656442147728     
  -1.53608105588610     
   1.21706478552424     
  -3.37146943863511     
   1.36332141586506     
 -0.107862256696671     
   4.22867547161974     
   2.50769561970867     
  -1.80404128815867     
 -0.493092370181639     
 -8.973646963145751E-002
 -0.709986178236563     
  0.656163940839589     
   1.66112093814160     
  -1.79746191984242     
 -0.319714636024828     
  0.721497576933453     
  0.355090944363036     
  8.587598241024522E-002
 -0.671353584919218     
 
   3.72336982246707     
  -5.55956796443791     
 -0.101306843003063     
  -1.44259957136350     
   2.65363473020768     
  0.241263316827131     
  0.644070349207957     
  0.521577477067875     
 -0.756691407891468     
  0.532606467007395     
   4.72843406650535     
  -2.69385076479062     
   15.5150962855765     
   1.98825536401026     
   2.48774851395325     
 -0.818085519898125     
  0.560217065913669     
  0.636009555905856     
  -1.03331579990918     
 -5.752708813930136E-002
 -0.881209023297863     
   1.57819029774667     
  -3.52574712336907     
  0.153189003780061     
   1.75313722124025     
  -1.54020214516732     
   2.44222425149490     
  -2.37448828464767     
  -1.35809310986120     
  -1.19774709415294     
  -3.65623950891046     
  -2.64040923825362     
  -4.26557232037243     
  -4.68916476408490     
  -3.15049812992598     
 -0.972723642188949     
  -5.57332581803267     
   1.00816910209752     
  -5.77667356604000     
   2.83169617174691     
 
  -1.06453054064091     
 -0.547473635582283     
   8.65416205671733     
  -4.43764743166052     
   16.6120374273214     
  -22.1555947215286     
   16.7447372699622     
  -3.27799224213475     
 -0.364843794282176     
   1.68571031276097     
 -8.972746126640624E-002
  -7.53870124194107     
  -69.3663983452113     
   15.0575980045387     
   13.5526806680259     
  0.262734512735219     
  0.161692526749876     
  -10.4867418556264     
   17.1048208296264     
 -0.719329569448383     
  -9.71890327367245     
  0.268612279173357     
  -14.1512248442651     
  0.286382552570534     
   1.63585807579380     
   13.2124833737796     
 -0.750764101912475     
  -1.89335276729820     
  -3.02791313358187     
  -3.27951577479564     
   1.98275150811137     
  -17.2559270623343     
  -4.95668809453127     
   5.43349858914197     
  -10.4867995645665     
   10.6782524139064     
   3.96676922561088     
   6.42319076864581     
  0.212995227380033     
  -5.26998059428479     
 
   20.6220872280941     
 
 -0.581300000000000        2.18330300000000     
 -0.692581000000000        1.94876000000000     
  0.936214000000000        8.20169100000000     
 -0.641080000000000        2.22774200000000     
 -0.678702000000000        2.03121900000000     
   1.11469200000000        8.24120900000000     
 
  -191.871550000000       -186.500910000000     
 
  tansig  tansig 
   6 - 40 - 40 -  1 
rmse=   3.8189 meV
