 0.436957626907513585E+01
 0.303820165494673189E+01
 0.261614646547090768E+01
 0.336550608005548968E+01
 0.167694967354871527E+01
 0.151386185383270155E+01
 0.190301469255476507E+01
 0.189321288979352831E+01
 0.119488298436238116E+01
 0.955459251083339178E+00
 0.134692094398405637E+01
 0.149526081527500576E+01
 0.881777420910366594E+00
 0.563448453642925950E+00
 0.396649141033896202E+00
 0.485418057642444611E+00
 0.385879296701050256E+00
 0.447908951454700388E+00
 0.753705359547958476E+00
 0.850880366998143955E+00
 0.704460169566302308E+00
 0.370832427470993375E+00
 0.431588166942551976E+00
 0.712337941300554611E+00
 0.698235120432247558E+00
 0.363491217054895621E+00
 0.296988095844541333E+00
 0.596562336167760443E+00
 0.605470157790751418E+00
 0.368905055611513599E+00
 0.261290027983597462E+00
 0.464511503856337327E+00
 0.475690284869496216E+00
 0.377822527088378157E+00
 0.466885978202262963E+00
 0.629574083151847375E+00
 0.724986046718867239E+00
 0.436948719055325951E+00
 0.423427823712730689E+00
 0.461900327593914584E+00
 0.673325585736966215E+00
 0.637609368078893346E+00
 0.798577911222461023E+00
 0.108407915867490789E+01
 0.191582961191262324E+01
 0.112440759226321729E+01
 0.571019585334832769E+00
 0.142437889033838383E+01
 0.285910290043951099E+01
 0.247163525232486991E+01
 0.263998489112257095E+01
 0.280568371066475830E+01
 0.559674372312731627E+01
 0.498622792509644963E+01
 0.507428948029932592E+01
 0.742447863705790745E+01
 0.168843727198341469E+02
 0.110234274016720413E+02
 0.971702339893695388E+01
 0.148073608101491505E+02
 0.406038377427135870E+02
 0.256237337752941876E+02
 0.222160749671179119E+02
 0.251778241404111078E+02
 0.288969681180603111E+01
 0.321186289218265397E+01
 0.356548817388530237E+01
 0.435115257966969526E+01
 0.216145663294327450E+01
 0.159550882790223136E+01
 0.140412912905049758E+01
 0.185722638113277960E+01
 0.129331461113312307E+01
 0.111106265788624547E+01
 0.121106555310507114E+01
 0.184983311937154471E+01
 0.111116393389418899E+01
 0.667396826671177279E+00
 0.298818479428560491E+00
 0.707549282966758675E+00
 0.489304069040678913E+00
 0.461536730820750307E+00
 0.733040390461141556E+00
 0.794673689618659029E+00
 0.629083665939958236E+00
 0.365364076329228460E+00
 0.731826839850453492E-01
 0.367454162214834623E+00
 0.327873515385634418E+00
 0.326008564931294709E+00
 0.527411233752435260E+00
 0.487023328360920715E+00
 0.416713851812129610E+00
 0.278944101658284149E+00
 0.212326302097867098E+00
 0.393475797640906566E+00
 0.369762032552826636E+00
 0.262132864628994655E+00
 0.162295918214138996E+00
 0.207513376416319006E+00
 0.237889114912748001E+00
 0.300503785505515042E+00
 0.494162930396988442E+00
 0.346022593148247237E+00
 0.433239691306099406E+00
 0.376247591477201548E+00
 0.547786479439240415E+00
 0.580604296076522419E+00
 0.845656823501319432E+00
 0.548008936910617361E+00
 0.240799862221816541E+00
 0.732860008050669087E+00
 0.116366806641590137E+01
 0.870153225702175015E+00
 0.108591182835693134E+01
 0.137728273087863795E+01
 0.269544132613340315E+01
 0.170295242366805177E+01
 0.473881537083582771E+00
 0.248471054740377051E+01
 0.571859917234912363E+01
 0.391937094270946096E+01
 0.179139685436831342E+01
 0.557168359011120096E+01
 0.164158430293161608E+02
 0.115476367472434411E+02
 0.350851879123447841E+01
 0.102030438716106673E+02
 0.297618788003443813E+01
 0.336840034823431633E+01
 0.433280691616150992E+01
 0.387854532542330199E+01
 0.182549354703189737E+01
 0.158538642290336962E+01
 0.169484950523415012E+01
 0.178522670174995035E+01
 0.887345837157359485E+00
 0.788015348823211226E+00
 0.999113773829339524E+00
 0.965701316747151650E+00
 0.453539961520449619E+00
 0.370090053466169633E+00
 0.499330323492135297E+00
 0.520859333038647954E+00
 0.353677513291475953E+00
 0.251301162885009199E+00
 0.325421060273134111E+00
 0.331643154050439259E+00
 0.240395445855488027E+00
 0.182157495051183005E+00
 0.155274422498628828E+00
 0.290362836974203009E+00
 0.217513720978321889E+00
 0.136460185452045080E+00
 0.111633822095283275E+00
 0.212638989065329576E+00
 0.160952346366461385E+00
 0.103279505453996806E+00
 0.602779316756992534E-01
 0.125238645662149178E+00
 0.103713144329635756E+00
 0.856813354133890565E-01
 0.980584247459647118E-01
 0.106137907547821986E+00
 0.105751134753587425E+00
 0.848985352126555987E-01
 0.127683554295891510E+00
 0.134296019010186091E+00
 0.176216941761714208E+00
 0.116278299537997773E+00
 0.334160134973445627E-01
 0.147810776005922351E+00
 0.246079506188904285E+00
 0.186046976022093358E+00
 0.127959077884643141E+00
 0.158477415367596297E+00
 0.241585336431928421E+00
 0.311202149016804208E+00
 0.407201060828173200E+00
 0.334710822838313826E+00
 0.584112062944389998E+00
 0.759840836926967578E+00
 0.207540907349661741E+00
 0.337933857826731798E+00
 0.715351623520590341E+00
 0.137601421398136670E+01
 0.128029365748327795E+01
 0.858643489600100840E+00
 0.227043778660052631E+01
 0.396765711347846528E+01
 0.182258754653000965E+01
 0.349070154111044806E+01
