 0.382561837007378625E+01
 0.320280127873192200E+01
 0.303820165494673233E+01
 0.205059178175327261E+01
 0.102175991877457273E+01
 0.216881372706469877E+01
 0.151386185383272398E+01
 0.201464187301469710E+01
 0.126817197847676066E+01
 0.124278253071918976E+01
 0.952942162092764500E+00
 0.113364544718832949E+01
 0.707958247300380705E+00
 0.659316540569486964E+00
 0.595109577293588154E+00
 0.809587320229975593E+00
 0.652398376265216351E+00
 0.492740322718530188E+00
 0.479563492594104690E+00
 0.641832563432349068E+00
 0.627345459440840192E+00
 0.591723522827992232E+00
 0.468738994775375339E+00
 0.750476888965207589E+00
 0.725094331229210520E+00
 0.502303262283003704E+00
 0.452887128333666400E+00
 0.676540086846435740E+00
 0.621281896128986988E+00
 0.451946607355791896E+00
 0.415913165069871360E+00
 0.540270512133616765E+00
 0.597507009646696119E+00
 0.478869330346790523E+00
 0.459950733933813749E+00
 0.696629289746765967E+00
 0.905757138721838606E+00
 0.591079358798396348E+00
 0.597200023321474038E+00
 0.942558277611114215E+00
 0.122484123146915946E+01
 0.648601651702090609E+00
 0.798000503810717077E+00
 0.911155167210588202E+00
 0.140633861152681794E+01
 0.126988614777954112E+01
 0.111982120566733490E+01
 0.118212834316969406E+01
 0.224731927917436458E+01
 0.291490083459657079E+01
 0.239612003258951978E+01
 0.362775086084684606E+01
 0.743554367362591773E+01
 0.390429371819734028E+01
 0.537212796554117045E+01
 0.709481271115278589E+00
 0.158085686507346446E+01
 0.172299592978812157E+02
 0.114831136945014958E+02
 0.126933579692266374E+02
 0.341286193568313934E+02
 0.332418773522546687E+02
 0.352293599536380739E+02
 0.421717181164732366E+02
 0.483742972952759143E+01
 0.291673777766172071E+01
 0.321186289218265397E+01
 0.259652254274861161E+01
 0.128983545620382767E+01
 0.200537915607598238E+01
 0.159550882790223136E+01
 0.242933635682773241E+01
 0.168533978972403786E+01
 0.101626222548179146E+01
 0.110687616597929650E+01
 0.149751384749927019E+01
 0.896759540121879084E+00
 0.596258735820463626E+00
 0.662833110513822099E+00
 0.797885963109706164E+00
 0.544960511361473610E+00
 0.512656001353370638E+00
 0.452718668523891088E+00
 0.564751615835054843E+00
 0.446673775185571553E+00
 0.503962531218019816E+00
 0.358064591754285177E+00
 0.535475401822774533E+00
 0.486787324922561881E+00
 0.350047567507138002E+00
 0.325507584804513417E+00
 0.472957151822486266E+00
 0.419001477035432668E+00
 0.212929852090671473E+00
 0.288373181997082229E+00
 0.371850843894376559E+00
 0.361471484646332331E+00
 0.298630583397737459E+00
 0.280323909277670147E+00
 0.385137933116699083E+00
 0.451195582886617874E+00
 0.361879564254878605E+00
 0.328404186572994083E+00
 0.288750019957921711E+00
 0.352401626667673606E+00
 0.551487406367879629E+00
 0.400797096289940202E+00
 0.130745833112547755E+00
 0.181960853610096340E+00
 0.879244314588189080E+00
 0.557795074834904536E+00
 0.516349438773726854E+00
 0.801013824560496079E+00
 0.120153222681648919E+01
 0.865308515248158217E+00
 0.126488432496816094E+01
 0.241780739271117229E+01
 0.136680386460952663E+01
 0.165402423276578681E+01
 0.241833131012364122E+01
 0.581837374647169447E+01
 0.223726318312543304E+01
 0.397949244243974842E+01
 0.390053275506816011E+01
 0.109891943216179531E+02
 0.124733576985014132E+02
 0.112116519710180178E+02
 0.153898505642826553E+02
 0.462368776109101276E+01
 0.342353413027797693E+01
 0.336840034823456458E+01
 0.150603127568858697E+01
 0.708835438218755387E+00
 0.217440189741134660E+01
 0.158538642289716036E+01
 0.197732051218804794E+01
 0.108592598417195441E+01
 0.708626700901595741E+00
 0.870679437631106334E+00
 0.136361085329908804E+01
 0.681663027928069765E+00
 0.201483414648482601E+00
 0.435248793017209035E+00
 0.519455270551754666E+00
 0.363856131225015922E+00
 0.289743668867760651E+00
 0.304873162455772451E+00
 0.403335422193026816E+00
 0.274624526303678562E+00
 0.130784282774679794E+00
 0.207582924783366679E+00
 0.254439954793433509E+00
 0.177314062391871391E+00
 0.185971009219942113E+00
 0.144661210738903451E+00
 0.183998842464499934E+00
 0.157030264203207676E+00
 0.157292506141807509E+00
 0.123423160753367137E+00
 0.143133885003157935E+00
 0.147383967903226165E+00
 0.134222018427408107E+00
 0.127243355671390557E+00
 0.128540566949542301E+00
 0.122172733541036263E+00
 0.168119755313593133E+00
 0.119255524134829483E+00
 0.979275621389780471E-01
 0.110858303777635989E+00
 0.161188531152979181E+00
 0.137594990058785727E+00
 0.183250457561032615E+00
 0.260642553904951113E+00
 0.109368085668747492E+00
 0.176549032534144779E+00
 0.255054690630233949E+00
 0.357639322469084697E+00
 0.307444979099627147E+00
 0.275323775222339251E+00
 0.262776270467641349E+00
 0.470067474764370608E+00
 0.270940217681655882E+00
 0.771029840540094380E+00
 0.436109780917194378E+00
 0.935154517964865151E+00
 0.120606586207735034E+01
 0.927479131501597442E+00
 0.111097832078777281E+01
 0.299220844724969792E+01
 0.224042582405519175E+01
 0.325271487496723344E+01
 0.000000000000000000E+00
