 0.402660485684723568E+01
 0.570922339423263381E+01
 0.325754609133388184E+01
 0.539470707477321199E+01
 0.255069119256706855E+01
 0.218522509432219847E+01
 0.100752918000904956E+01
 0.209655853516122037E+00
 0.147881824313525978E+00
 0.217154568329915332E+01
 0.167058446945256533E+01
 0.246559096439848258E+01
 0.224732545143734264E+01
-0.504528920085693944E+00
-0.196769409127935391E+00
 0.180007562802204357E+01
 0.843095420672764884E+00
 0.511472897265712767E+00
 0.206826451807250400E+00
 0.125720003691074722E+01
 0.663907416024125396E+00
 0.954850560048364633E-01
 0.152750177983876551E+00
 0.848191303711795852E+00
 0.641001952863087143E+00
 0.497725847953937178E-01
 0.512152112669640516E-01
 0.347862035490681676E+00
 0.356796983034232629E+00
 0.206266607827176374E+00
 0.249696056079406481E+00
 0.736617979402668599E+00
 0.938594706250748367E+00
 0.237644392154333847E-01
-0.157192514496644602E-02
 0.759002764689157172E+00
 0.112811188316486444E+01
-0.184021336109184003E-01
-0.293812127427132766E-01
 0.133655141074346440E+01
 0.193072514528617867E+01
 0.321518578297384922E-01
-0.158767534413887107E-01
 0.185709596587128223E+01
 0.254295507559573641E+01
 0.219258111363457270E+00
 0.963881275399339765E-01
 0.243567780017801461E+01
 0.355652683593386643E+01
 0.150233275150634088E+00
 0.505809216942103845E-01
 0.423125757372831757E+01
 0.763440860839126678E+01
 0.291888824833689220E+00
 0.642678390495725060E-01
 0.814170725204704837E+01
 0.194639254592752664E+02
 0.833821909586808907E+00
 0.171874902138113211E+00
 0.212388016439574976E+02
 0.662980295163411881E+02
 0.321323578345232086E+01
 0.724046563303129553E+00
 0.164698637424708956E+02
 0.413733339089169672E+01
 0.244400203986839726E+01
 0.457987791850378656E+01
 0.432091968329832543E+01
 0.199670411952574889E+01
 0.243387737018464323E+01
 0.236515563055951450E+01
 0.464025027851052574E+01
 0.302066569828893394E+01
 0.444794102775156630E+00
 0.337504443802834286E+00
 0.163288060568266502E+01
 0.132996903014385137E+01
 0.100918050872283915E+01
 0.530773909342046379E+00
 0.186864251655333335E+01
 0.121424363812190106E+01
 0.426735203163426169E+00
 0.193335171220458679E+00
 0.139435019664494075E+01
 0.924450072208863882E+00
 0.199634644773936554E+00
 0.878968546388745331E-01
 0.988780286921471019E+00
 0.725687069018622011E+00
 0.107956667472821330E+00
 0.482253566282308532E-01
 0.703786026568304246E+00
 0.620918338682419857E+00
 0.478149634739946580E-01
 0.228151501663626521E-01
 0.510421217744352229E+00
 0.549312151358994694E+00
-0.798668132070419201E-01
-0.617697018755117774E-01
 0.671732822390633921E+00
 0.834548782820324742E+00
 0.490804509769577763E-01
 0.585569102460389360E-01
 0.102037604787473524E+01
 0.139368061332419724E+01
 0.115769754565652437E-01
 0.484459340296656341E-01
 0.141677006220455914E+01
 0.181901392640017101E+01
-0.321450245093733850E-01
 0.153048611416167334E-01
 0.158336873215961327E+01
 0.239688809863558339E+01
-0.633426705440011673E-01
-0.352235312095833817E-02
 0.220426967102564753E+01
 0.398783419596081679E+01
-0.160756331099714544E+00
-0.444790654018641721E-01
 0.344405449760166871E+01
 0.805958463097811340E+01
-0.433209396487537535E+00
-0.169998900801989650E+00
 0.687236470897784457E+01
 0.186809372000944371E+02
-0.840360786399357518E+00
-0.327515935555050056E-01
 0.193038764902911169E+02
 0.692348974436236642E+01
 0.378076140094083879E+01
 0.214624653769628404E+01
 0.704921397161312413E+01
 0.299201187073020636E+01
 0.108939471173310820E+01
 0.170731666393970904E+01
 0.209632955699972179E+01
 0.119139723957490329E+01
 0.863966990827909953E+00
 0.770720681736567936E+00
 0.154056382538549208E+01
 0.751132504439563031E+00
 0.121322452492954883E+00
 0.186010728787857044E+00
 0.865087010109254040E+00
 0.375771932760980421E+00
-0.665008834492802903E-02
-0.474957104181797929E-01
 0.499342485042262307E+00
 0.270504014155236283E+00
 0.271804926235825681E-01
 0.125448785374068904E-01
 0.314273028081278050E+00
 0.229734222951622935E+00
 0.964659013763751252E-02
 0.324506785603670238E-02
 0.214829564153594610E+00
 0.193108329109529242E+00
 0.243970505997817338E-02
-0.225602489451483257E-02
 0.140795457193027107E+00
 0.154137607561561973E+00
-0.112309945199427740E-01
-0.107457738378483898E-01
 0.134981247393496345E+00
 0.154042281592363772E+00
 0.212856595275492284E-01
 0.981797140374882429E-02
 0.205481198933481851E+00
 0.224718572144313483E+00
 0.554137073507563523E-02
-0.732810382755925667E-04
 0.285745687837566431E+00
 0.342956615355589023E+00
 0.142587171175179630E-01
 0.513186078222487279E-02
 0.335515519647137661E+00
 0.442696966732602726E+00
 0.111337363822108359E-01
 0.126816703741716025E-02
 0.454735762050157977E+00
 0.771688352461428861E+00
 0.180498295533346696E-01
-0.200953129545050190E-02
 0.693349670416684605E+00
 0.151205787853972717E+01
 0.676851942191670913E-01
 0.158143332325554609E-01
 0.163903431761905516E+01
 0.469205483877896334E+01
 0.196007297334195252E+00
 0.487714669878637069E-01
 0.224853489350585578E+01
